0,1
0.0,0.0
-0.05555555555555555,-0.09622504486493763
-0.1111111111111111,-0.19245008972987526
-0.16666666666666666,-0.28867513459481287
-0.2222222222222222,-0.3849001794597505
-0.2777777777777778,-0.4811252243246882
-0.3333333333333333,-0.5773502691896257
-0.38888888888888884,-0.6735753140545634
-0.4444444444444444,-0.769800358919501
-0.5,-0.8660254037844387
-0.05555555555555555,0.09622504486493762
-0.1111111111111111,-1.1620177636263325e-17
-0.16666666666666666,-0.09622504486493764
-0.2222222222222222,-0.19245008972987526
-0.2777777777777778,-0.2886751345948129
-0.33333333333333337,-0.3849001794597506
-0.38888888888888884,-0.4811252243246882
-0.4444444444444444,-0.5773502691896257
-0.5,-0.6735753140545634
-0.1111111111111111,0.19245008972987523
-0.16666666666666666,0.0962250448649376
-0.2222222222222222,-2.324035527252665e-17
-0.2777777777777778,-0.09622504486493766
-0.3333333333333333,-0.1924500897298753
-0.3888888888888889,-0.288675134594813
-0.4444444444444444,-0.3849001794597505
-0.49999999999999994,-0.4811252243246881
-0.16666666666666666,0.28867513459481287
-0.2222222222222222,0.19245008972987523
-0.2777777777777778,0.0962250448649376
-0.3333333333333333,-2.0982745100975517e-17
-0.38888888888888884,-0.09622504486493764
-0.4444444444444444,-0.19245008972987532
-0.5,-0.2886751345948129
-0.2222222222222222,0.38490017945975047
-0.2777777777777778,0.28867513459481287
-0.3333333333333333,0.1924500897298752
-0.38888888888888884,0.09622504486493758
-0.4444444444444444,-4.64807105450533e-17
-0.5,-0.09622504486493773
-0.2777777777777778,0.4811252243246881
-0.33333333333333337,0.3849001794597505
-0.3888888888888889,0.28867513459481287
-0.4444444444444444,0.19245008972987523
-0.5,0.09622504486493762
-0.3333333333333333,0.5773502691896257
-0.38888888888888884,0.4811252243246881
-0.4444444444444444,0.38490017945975047
-0.5,0.28867513459481287
-0.38888888888888884,0.6735753140545633
-0.4444444444444444,0.5773502691896256
-0.49999999999999994,0.481125224324688
-0.4444444444444444,0.7698003589195009
-0.5,0.6735753140545633
-0.5,0.8660254037844386
0.1111111111111111,0.0
0.05555555555555555,-0.09622504486493763
0.0,-0.19245008972987526
-0.05555555555555555,-0.28867513459481287
-0.1111111111111111,-0.3849001794597505
-0.16666666666666669,-0.4811252243246882
-0.2222222222222222,-0.5773502691896257
-0.27777777777777773,-0.6735753140545634
-0.3333333333333333,-0.769800358919501
0.05555555555555555,0.09622504486493762
0.0,-1.1620177636263325e-17
-0.05555555555555555,-0.09622504486493764
-0.1111111111111111,-0.19245008972987526
-0.16666666666666666,-0.2886751345948129
-0.22222222222222224,-0.3849001794597506
-0.2777777777777778,-0.4811252243246882
-0.33333333333333326,-0.5773502691896257
0.0,0.19245008972987523
-0.05555555555555555,0.0962250448649376
-0.1111111111111111,-2.324035527252665e-17
-0.16666666666666666,-0.09622504486493766
-0.2222222222222222,-0.1924500897298753
-0.2777777777777778,-0.288675134594813
-0.3333333333333333,-0.3849001794597505
-0.05555555555555555,0.28867513459481287
-0.1111111111111111,0.19245008972987523
-0.16666666666666666,0.0962250448649376
-0.2222222222222222,-2.0982745100975517e-17
-0.2777777777777778,-0.09622504486493764
-0.33333333333333337,-0.19245008972987532
-0.1111111111111111,0.38490017945975047
-0.16666666666666666,0.28867513459481287
-0.2222222222222222,0.1924500897298752
-0.2777777777777778,0.09622504486493758
-0.3333333333333333,-4.64807105450533e-17
-0.16666666666666669,0.4811252243246881
-0.22222222222222224,0.3849001794597505
-0.2777777777777778,0.28867513459481287
-0.33333333333333337,0.19245008972987523
-0.2222222222222222,0.5773502691896257
-0.2777777777777778,0.4811252243246881
-0.3333333333333333,0.38490017945975047
-0.27777777777777773,0.6735753140545633
-0.33333333333333326,0.5773502691896256
-0.3333333333333333,0.7698003589195009
0.2222222222222222,0.0
0.16666666666666666,-0.09622504486493763
0.1111111111111111,-0.19245008972987526
0.05555555555555555,-0.28867513459481287
0.0,-0.3849001794597505
-0.05555555555555558,-0.4811252243246882
-0.1111111111111111,-0.5773502691896257
-0.16666666666666663,-0.6735753140545634
0.16666666666666666,0.09622504486493762
0.1111111111111111,-1.1620177636263325e-17
0.05555555555555555,-0.09622504486493764
0.0,-0.19245008972987526
-0.05555555555555555,-0.2886751345948129
-0.11111111111111113,-0.3849001794597506
-0.16666666666666666,-0.4811252243246882
0.1111111111111111,0.19245008972987523
0.05555555555555555,0.0962250448649376
0.0,-2.324035527252665e-17
-0.05555555555555555,-0.09622504486493766
-0.1111111111111111,-0.1924500897298753
-0.16666666666666669,-0.288675134594813
0.05555555555555555,0.28867513459481287
0.0,0.19245008972987523
-0.05555555555555555,0.0962250448649376
-0.1111111111111111,-2.0982745100975517e-17
-0.16666666666666666,-0.09622504486493764
0.0,0.38490017945975047
-0.05555555555555555,0.28867513459481287
-0.1111111111111111,0.1924500897298752
-0.16666666666666666,0.09622504486493758
-0.05555555555555558,0.4811252243246881
-0.11111111111111113,0.3849001794597505
-0.16666666666666669,0.28867513459481287
-0.1111111111111111,0.5773502691896257
-0.16666666666666666,0.4811252243246881
-0.16666666666666663,0.6735753140545633
0.3333333333333333,0.0
0.2777777777777778,-0.09622504486493763
0.2222222222222222,-0.19245008972987526
0.16666666666666666,-0.28867513459481287
0.1111111111111111,-0.3849001794597505
0.055555555555555525,-0.4811252243246882
0.0,-0.5773502691896257
0.2777777777777778,0.09622504486493762
0.22222222222222224,-1.1620177636263325e-17
0.16666666666666669,-0.09622504486493764
0.11111111111111113,-0.19245008972987526
0.05555555555555558,-0.2886751345948129
0.0,-0.3849001794597506
0.2222222222222222,0.19245008972987523
0.16666666666666666,0.0962250448649376
0.1111111111111111,-2.324035527252665e-17
0.05555555555555555,-0.09622504486493766
0.0,-0.1924500897298753
0.16666666666666666,0.28867513459481287
0.1111111111111111,0.19245008972987523
0.05555555555555555,0.0962250448649376
0.0,-2.0982745100975517e-17
0.1111111111111111,0.38490017945975047
0.05555555555555555,0.28867513459481287
0.0,0.1924500897298752
0.055555555555555525,0.4811252243246881
-2.7755575615628914e-17,0.3849001794597505
0.0,0.5773502691896257
0.4444444444444444,0.0
0.38888888888888884,-0.09622504486493763
0.3333333333333333,-0.19245008972987526
0.2777777777777778,-0.28867513459481287
0.2222222222222222,-0.3849001794597505
0.16666666666666663,-0.4811252243246882
0.38888888888888884,0.09622504486493762
0.33333333333333326,-1.1620177636263325e-17
0.27777777777777773,-0.09622504486493764
0.22222222222222218,-0.19245008972987526
0.16666666666666663,-0.2886751345948129
0.3333333333333333,0.19245008972987523
0.2777777777777778,0.0962250448649376
0.2222222222222222,-2.324035527252665e-17
0.16666666666666666,-0.09622504486493766
0.2777777777777778,0.28867513459481287
0.22222222222222224,0.19245008972987523
0.16666666666666669,0.0962250448649376
0.2222222222222222,0.38490017945975047
0.16666666666666666,0.28867513459481287
0.16666666666666663,0.4811252243246881
0.5555555555555556,0.0
0.5,-0.09622504486493763
0.4444444444444445,-0.19245008972987526
0.38888888888888895,-0.28867513459481287
0.33333333333333337,-0.3849001794597505
0.5,0.09622504486493762
0.4444444444444444,-1.1620177636263325e-17
0.3888888888888889,-0.09622504486493764
0.33333333333333337,-0.19245008972987526
0.4444444444444445,0.19245008972987523
0.38888888888888895,0.0962250448649376
0.33333333333333337,-2.324035527252665e-17
0.38888888888888895,0.28867513459481287
0.33333333333333337,0.19245008972987523
0.33333333333333337,0.38490017945975047
0.6666666666666666,0.0
0.611111111111111,-0.09622504486493763
0.5555555555555556,-0.19245008972987526
0.5,-0.28867513459481287
0.611111111111111,0.09622504486493762
0.5555555555555555,-1.1620177636263325e-17
0.49999999999999994,-0.09622504486493764
0.5555555555555556,0.19245008972987523
0.5,0.0962250448649376
0.5,0.28867513459481287
0.7777777777777777,0.0
0.7222222222222221,-0.09622504486493763
0.6666666666666665,-0.19245008972987526
0.7222222222222221,0.09622504486493762
0.6666666666666665,-1.1620177636263325e-17
0.6666666666666665,0.19245008972987523
0.8888888888888888,0.0
0.8333333333333333,-0.09622504486493763
0.8333333333333333,0.09622504486493762
1.0,0.0
