0,1
0.0,0.0
-0.05,-0.08660254037844388
-0.1,-0.17320508075688776
-0.15000000000000002,-0.2598076211353316
-0.2,-0.3464101615137755
-0.25,-0.43301270189221935
-0.30000000000000004,-0.5196152422706632
-0.35000000000000003,-0.6062177826491072
-0.4,-0.692820323027551
-0.45,-0.7794228634059949
-0.5,-0.8660254037844387
-0.05,0.08660254037844387
-0.1,-1.0358521839084693e-17
-0.15000000000000002,-0.08660254037844388
-0.2,-0.17320508075688779
-0.25,-0.2598076211353316
-0.3,-0.34641016151377546
-0.35000000000000003,-0.4330127018922194
-0.4,-0.5196152422706632
-0.45,-0.6062177826491071
-0.5,-0.692820323027551
-0.1,0.17320508075688773
-0.15000000000000002,0.08660254037844385
-0.2,-2.0717043678169386e-17
-0.25,-0.08660254037844392
-0.30000000000000004,-0.17320508075688776
-0.35,-0.2598076211353316
-0.4,-0.34641016151377557
-0.45000000000000007,-0.4330127018922194
-0.5,-0.5196152422706632
-0.15000000000000002,0.2598076211353316
-0.2,0.17320508075688776
-0.25,0.08660254037844388
-0.30000000000000004,-2.7357023481419716e-17
-0.35000000000000003,-0.08660254037844388
-0.4,-0.17320508075688773
-0.45000000000000007,-0.2598076211353317
-0.5,-0.3464101615137755
-0.2,0.34641016151377546
-0.25,0.25980762113533157
-0.30000000000000004,0.1732050807568877
-0.35000000000000003,0.08660254037844381
-0.4,-4.143408735633877e-17
-0.45,-0.08660254037844389
-0.5,-0.17320508075688784
-0.25,0.4330127018922193
-0.3,0.3464101615137754
-0.35,0.25980762113533157
-0.4,0.17320508075688765
-0.45,0.0866025403784438
-0.5,-5.551115123125783e-17
-0.30000000000000004,0.5196152422706632
-0.35000000000000003,0.43301270189221935
-0.4,0.3464101615137755
-0.45000000000000007,0.2598076211353316
-0.5,0.17320508075688776
-0.35000000000000003,0.6062177826491071
-0.4,0.5196152422706632
-0.45000000000000007,0.43301270189221935
-0.5,0.34641016151377546
-0.4,0.6928203230275509
-0.45,0.6062177826491071
-0.5,0.5196152422706631
-0.45,0.7794228634059948
-0.5,0.6928203230275509
-0.5,0.8660254037844386
0.1,0.0
0.05,-0.08660254037844388
0.0,-0.17320508075688776
-0.05000000000000002,-0.2598076211353316
-0.1,-0.3464101615137755
-0.15,-0.43301270189221935
-0.20000000000000004,-0.5196152422706632
-0.25,-0.6062177826491072
-0.30000000000000004,-0.692820323027551
-0.35,-0.7794228634059949
0.05,0.08660254037844387
0.0,-1.0358521839084693e-17
-0.05,-0.08660254037844388
-0.10000000000000002,-0.17320508075688779
-0.15000000000000002,-0.2598076211353316
-0.2,-0.34641016151377546
-0.25000000000000006,-0.4330127018922194
-0.30000000000000004,-0.5196152422706632
-0.35000000000000003,-0.6062177826491071
0.0,0.17320508075688773
-0.05,0.08660254037844385
-0.1,-2.0717043678169386e-17
-0.15000000000000002,-0.08660254037844392
-0.2,-0.17320508075688776
-0.25,-0.2598076211353316
-0.30000000000000004,-0.34641016151377557
-0.35000000000000003,-0.4330127018922194
-0.05000000000000002,0.2598076211353316
-0.10000000000000002,0.17320508075688776
-0.15000000000000002,0.08660254037844388
-0.20000000000000004,-2.7357023481419716e-17
-0.25,-0.08660254037844388
-0.30000000000000004,-0.17320508075688773
-0.3500000000000001,-0.2598076211353317
-0.1,0.34641016151377546
-0.15000000000000002,0.25980762113533157
-0.2,0.1732050807568877
-0.25,0.08660254037844381
-0.30000000000000004,-4.143408735633877e-17
-0.35,-0.08660254037844389
-0.15,0.4330127018922193
-0.2,0.3464101615137754
-0.25,0.25980762113533157
-0.30000000000000004,0.17320508075688765
-0.35,0.0866025403784438
-0.20000000000000004,0.5196152422706632
-0.25000000000000006,0.43301270189221935
-0.30000000000000004,0.3464101615137755
-0.3500000000000001,0.2598076211353316
-0.25,0.6062177826491071
-0.3,0.5196152422706632
-0.35,0.43301270189221935
-0.30000000000000004,0.6928203230275509
-0.35000000000000003,0.6062177826491071
-0.35,0.7794228634059948
0.2,0.0
0.15000000000000002,-0.08660254037844388
0.1,-0.17320508075688776
0.04999999999999999,-0.2598076211353316
0.0,-0.3464101615137755
-0.04999999999999999,-0.43301270189221935
-0.10000000000000003,-0.5196152422706632
-0.15000000000000002,-0.6062177826491072
-0.2,-0.692820323027551
0.15000000000000002,0.08660254037844387
0.10000000000000002,-1.0358521839084693e-17
0.05000000000000002,-0.08660254037844388
0.0,-0.17320508075688779
-0.04999999999999999,-0.2598076211353316
-0.09999999999999998,-0.34641016151377546
-0.15000000000000002,-0.4330127018922194
-0.2,-0.5196152422706632
0.1,0.17320508075688773
0.05,0.08660254037844385
0.0,-2.0717043678169386e-17
-0.05000000000000002,-0.08660254037844392
-0.1,-0.17320508075688776
-0.15,-0.2598076211353316
-0.20000000000000004,-0.34641016151377557
0.04999999999999999,0.2598076211353316
-1.3877787807814457e-17,0.17320508075688776
-0.05000000000000002,0.08660254037844388
-0.10000000000000003,-2.7357023481419716e-17
-0.15000000000000002,-0.08660254037844388
-0.2,-0.17320508075688773
0.0,0.34641016151377546
-0.05,0.25980762113533157
-0.1,0.1732050807568877
-0.15000000000000002,0.08660254037844381
-0.2,-4.143408735633877e-17
-0.04999999999999999,0.4330127018922193
-0.09999999999999999,0.3464101615137754
-0.15,0.25980762113533157
-0.2,0.17320508075688765
-0.10000000000000003,0.5196152422706632
-0.15000000000000002,0.43301270189221935
-0.20000000000000004,0.3464101615137755
-0.15000000000000002,0.6062177826491071
-0.2,0.6928203230275509
0.30000000000000004,0.0
0.25000000000000006,-0.08660254037844388
0.20000000000000004,-0.17320508075688776
0.15000000000000002,-0.2598076211353316
0.10000000000000003,-0.3464101615137755
0.050000000000000044,-0.43301270189221935
0.0,-0.5196152422706632
-0.04999999999999999,-0.6062177826491072
0.25000000000000006,0.08660254037844387
0.20000000000000007,-1.0358521839084693e-17
0.15000000000000005,-0.08660254037844388
0.10000000000000003,-0.17320508075688779
0.050000000000000044,-0.2598076211353316
5.551115123125783e-17,-0.34641016151377546
-0.04999999999999999,-0.4330127018922194
0.20000000000000004,0.17320508075688773
0.15000000000000002,0.08660254037844385
0.10000000000000003,-2.0717043678169386e-17
0.05000000000000002,-0.08660254037844392
2.7755575615628914e-17,-0.17320508075688776
-0.04999999999999996,-0.2598076211353316
0.15000000000000002,0.2598076211353316
0.10000000000000002,0.17320508075688776
0.05000000000000002,0.08660254037844388
0.0,-2.7357023481419716e-17
-0.04999999999999999,-0.08660254037844388
0.10000000000000003,0.34641016151377546
0.05000000000000003,0.25980762113533157
2.7755575615628914e-17,0.1732050807568877
-0.04999999999999999,0.08660254037844381
0.050000000000000044,0.4330127018922193
4.163336342344337e-17,0.3464101615137754
-0.04999999999999996,0.25980762113533157
0.0,0.5196152422706632
-0.04999999999999999,0.6062177826491071
0.4,0.0
0.35000000000000003,-0.08660254037844388
0.30000000000000004,-0.17320508075688776
0.25,-0.2598076211353316
0.2,-0.3464101615137755
0.15000000000000002,-0.43301270189221935
0.09999999999999998,-0.5196152422706632
0.35000000000000003,0.08660254037844387
0.30000000000000004,-1.0358521839084693e-17
0.25,-0.08660254037844388
0.2,-0.17320508075688779
0.15000000000000002,-0.2598076211353316
0.10000000000000003,-0.34641016151377546
0.30000000000000004,0.17320508075688773
0.25000000000000006,0.08660254037844385
0.20000000000000004,-2.0717043678169386e-17
0.15000000000000002,-0.08660254037844392
0.10000000000000003,-0.17320508075688776
0.25,0.2598076211353316
0.2,0.17320508075688776
0.15,0.08660254037844388
0.09999999999999998,-2.7357023481419716e-17
0.2,0.34641016151377546
0.15000000000000002,0.25980762113533157
0.1,0.1732050807568877
0.15000000000000002,0.4330127018922193
0.10000000000000002,0.3464101615137754
0.09999999999999998,0.5196152422706632
0.5,0.0
0.45,-0.08660254037844388
0.4,-0.17320508075688776
0.35,-0.2598076211353316
0.3,-0.3464101615137755
0.25,-0.43301270189221935
0.45,0.08660254037844387
0.4,-1.0358521839084693e-17
0.35,-0.08660254037844388
0.3,-0.17320508075688779
0.25,-0.2598076211353316
0.4,0.17320508075688773
0.35000000000000003,0.08660254037844385
0.30000000000000004,-2.0717043678169386e-17
0.25,-0.08660254037844392
0.35,0.2598076211353316
0.3,0.17320508075688776
0.24999999999999997,0.08660254037844388
0.3,0.34641016151377546
0.25,0.25980762113533157
0.25,0.4330127018922193
0.6000000000000001,0.0
0.55,-0.08660254037844388
0.5000000000000001,-0.17320508075688776
0.45000000000000007,-0.2598076211353316
0.4000000000000001,-0.3464101615137755
0.55,0.08660254037844387
0.5,-1.0358521839084693e-17
0.45000000000000007,-0.08660254037844388
0.4,-0.17320508075688779
0.5000000000000001,0.17320508075688773
0.4500000000000001,0.08660254037844385
0.40000000000000013,-2.0717043678169386e-17
0.45000000000000007,0.2598076211353316
0.4000000000000001,0.34641016151377546
0.7000000000000001,0.0
0.65,-0.08660254037844388
0.6000000000000001,-0.17320508075688776
0.55,-0.2598076211353316
0.65,0.08660254037844387
0.6,-1.0358521839084693e-17
0.55,-0.08660254037844388
0.6000000000000001,0.17320508075688773
0.55,0.2598076211353316
0.8,0.0
0.75,-0.08660254037844388
0.7000000000000001,-0.17320508075688776
0.75,0.08660254037844387
0.7,-1.0358521839084693e-17
0.7000000000000001,0.17320508075688773
0.9,0.0
0.85,-0.08660254037844388
0.85,0.08660254037844387
1.0,0.0
