0,1,2
0.0,0.0,0.0
-0.1111111111111111,-0.15713484026367722,-0.2721655269759087
-0.2222222222222222,-0.31426968052735443,-0.5443310539518174
-0.3333333333333333,-0.4714045207910317,-0.816496580927726
-0.1111111111111111,-0.15713484026367722,0.2721655269759087
-0.2222222222222222,-0.31426968052735443,1.5108221727894648e-17
-0.3333333333333333,-0.4714045207910317,-0.2721655269759086
-0.2222222222222222,-0.31426968052735443,0.5443310539518174
-0.3333333333333333,-0.4714045207910317,0.2721655269759087
-0.3333333333333333,-0.4714045207910317,0.816496580927726
-0.1111111111111111,0.31426968052735443,0.0
-0.2222222222222222,0.15713484026367722,-0.2721655269759087
-0.3333333333333333,-1.0582453139328863e-18,-0.5443310539518174
-0.2222222222222222,0.15713484026367722,0.2721655269759087
-0.3333333333333333,-5.2912265696644315e-19,1.5108221727894648e-17
-0.3333333333333333,-1.0582453139328863e-18,0.5443310539518174
-0.2222222222222222,0.6285393610547089,0.0
-0.3333333333333333,0.4714045207910316,-0.2721655269759087
-0.3333333333333333,0.4714045207910316,0.2721655269759087
-0.3333333333333333,0.9428090415820634,0.0
0.3333333333333333,0.0,0.0
0.2222222222222222,-0.15713484026367722,-0.2721655269759087
0.11111111111111112,-0.31426968052735443,-0.5443310539518174
0.2222222222222222,-0.15713484026367722,0.2721655269759087
0.1111111111111111,-0.31426968052735443,1.5108221727894648e-17
0.11111111111111112,-0.31426968052735443,0.5443310539518174
0.2222222222222222,0.31426968052735443,0.0
0.1111111111111111,0.15713484026367722,-0.2721655269759087
0.1111111111111111,0.15713484026367722,0.2721655269759087
0.11111111111111112,0.6285393610547089,0.0
0.6666666666666666,0.0,0.0
0.5555555555555556,-0.15713484026367722,-0.2721655269759087
0.5555555555555556,-0.15713484026367722,0.2721655269759087
0.5555555555555556,0.31426968052735443,0.0
1.0,0.0,0.0
